Position,Company,Location,URL
라인프렌즈 2022년 각 부문 수시의 전체 세부 정보,라인프렌즈,서울 용산구,https://kr.indeed.com/rc/clk?jk=1015284880e2ff62&fccid=b6f22bcb6078a2c4&vjs=3
한국필립모리스 2022년 상반기 수시의 전체 세부 정보,한국필립모리스㈜,서울 영등포구,https://kr.indeed.com/rc/clk?jk=44e9ac7f0f94e784&fccid=fb7e65f74b012d18&vjs=3
Data Scientist의 전체 세부 정보,IBM,서울,https://kr.indeed.com/rc/clk?jk=9f2ddd661b9558fc&fccid=de71a49b535e21cb&vjs=3
[경력직 ] 리서치본부 인덱스개발팀의 전체 세부 정보,NH투자증권,서울 영등포구,https://kr.indeed.com/rc/clk?jk=0ef62b86cfb37004&fccid=b449d5d42bf7e581&vjs=3
[클라우드시스템엔지니어링] 시스템 엔지니어 영입의 전체 세부 정보,카카오엔터프라이즈,성남 분당구,https://kr.indeed.com/rc/clk?jk=64cf858fd8d27c42&fccid=e19aa33fc391b310&vjs=3
한국행동과학연구소 각 부문 수시의 전체 세부 정보,한국행동과학연구소,서울 강남구,https://kr.indeed.com/rc/clk?jk=287a2f9783758916&fccid=bfea989faf5bd4e4&vjs=3
[네이버파이낸셜] FDS 데이터분석 담당자의 전체 세부 정보,네이버파이낸셜,성남 분당구,https://kr.indeed.com/rc/clk?jk=e95f700e77a1d237&fccid=27707db6e1b5bf22&vjs=3
리서치 인턴직 연구원의 전체 세부 정보,리서치앤유,서울 성동구,https://kr.indeed.com/rc/clk?jk=4d7550227b4d084c&fccid=7c977224f6d09f7d&vjs=3
분석모델의 전체 세부 정보,KB데이타시스템,서울 마포구,https://kr.indeed.com/rc/clk?jk=d1a1b7bf3790b2e1&fccid=fe227fbd2afb9580&vjs=3
데이터 사이언티스트의 전체 세부 정보,뱅크샐러드,서울 영등포구,https://kr.indeed.com/rc/clk?jk=38e1291fce686f51&fccid=35209469e1b8c72c&vjs=3
AWS 클라우드엔지니어의 전체 세부 정보,스마트디아그노시스,서울 마포구,https://kr.indeed.com/rc/clk?jk=ccd1d43784d307da&fccid=f4795b9234b4c245&vjs=3
[NICE페이먼츠] 22년 신입/경력 상시의 전체 세부 정보,나이스페이먼츠,서울 마포구,https://kr.indeed.com/rc/clk?jk=a07969e108fd0445&fccid=6df96dee14918ee8&vjs=3
[HYBE] 소프트웨어 엔지니어의 전체 세부 정보,하이브,서울 용산구,https://kr.indeed.com/rc/clk?jk=77b703a2be818f0c&fccid=55c46c15186153ee&vjs=3
한국행동과학연구소 전산직의 전체 세부 정보,한국행동과학연구소,서울 강남구,https://kr.indeed.com/rc/clk?jk=a4fd1b3afc25a790&fccid=bfea989faf5bd4e4&vjs=3
Data Engineering 분야 전문가/개발자의 전체 세부 정보,에스케이텔레콤,서울 중구,https://kr.indeed.com/rc/clk?jk=7be4ba603557c470&fccid=ce2f0f28b40a5be8&vjs=3
[외국계 스타트업 미소] Business Analyst Intern (정규직 전환형)의 전체 세부 정보,유한회사 미소,서울,https://kr.indeed.com/rc/clk?jk=4c25d6649f8434a8&fccid=02936474a8d39137&vjs=3
[포티투마루] 인공지능(AI) 챗봇사업부 전 직군의 전체 세부 정보,포티투마루,서울 서초구,https://kr.indeed.com/rc/clk?jk=a92b737cbbdf425f&fccid=b6cebf2e7d619f07&vjs=3
자율 주행, 로봇 SW 개발자의 전체 세부 정보,에바,성남 수정구,https://kr.indeed.com/rc/clk?jk=e30fe92d72ceb17c&fccid=5cc87f5890bd7170&vjs=3
Lighthouse 인턴 채용의 전체 세부 정보,삼정 KPMG,서울 강남구,https://kr.indeed.com/rc/clk?jk=577dd792f6217346&fccid=7651bf7c7525e8f6&vjs=3
파이썬 개발자 초중급 이상의 전체 세부 정보,데이터앤솔루션,서울 서초구,https://kr.indeed.com/rc/clk?jk=d158e683dc0b7500&fccid=02f32b94107c54e3&vjs=3
자연어 처리, 인공지능, 데이터 사이언스 연구자 및 개발자의 전체 세부 정보,렉스코드,서울 서초구,https://kr.indeed.com/rc/clk?jk=56b48fb158a773f2&fccid=005cc3e287692b67&vjs=3
PM(서비스/개발)의 전체 세부 정보,현대카드 캐피탈,서울 영등포구,https://kr.indeed.com/rc/clk?jk=bfdab41ec9b9469f&fccid=fcc6d6b229369ff5&vjs=3
[Data Analytics팀] 시각화 데이터 엔지니어 경력채용의 전체 세부 정보,한화그룹,서울,https://kr.indeed.com/rc/clk?jk=f1128b3376da056e&fccid=bd0dc1817223394f&vjs=3
AI 비전엔지니어부문 인재의 전체 세부 정보,신세계아이앤씨,서울 중구,https://kr.indeed.com/rc/clk?jk=7fdb743a06f60d24&fccid=7009e9adee12ff99&vjs=3
[11번가] 광고 추천 시스템 개발자의 전체 세부 정보,십일번가,서울 중구,https://kr.indeed.com/rc/clk?jk=ed2fe083a01d37ec&fccid=54911ff2dce6c429&vjs=3
파이썬(python) 백엔드 개발자 (전문연구요원 가능)의 전체 세부 정보,아토머스,서울 강남구,https://kr.indeed.com/rc/clk?jk=240326a26bd13bf2&fccid=660bbb21789ab63d&vjs=3
데이터 엔지니어의 전체 세부 정보,KB데이타시스템,서울 마포구,https://kr.indeed.com/rc/clk?jk=145d0fc27fb3a482&fccid=fe227fbd2afb9580&vjs=3
[Data Analytics팀] DA분석컨설팅 직무의 전체 세부 정보,롯데정보통신,서울,https://kr.indeed.com/rc/clk?jk=02b304efa2942c61&fccid=ae6a0ecfe23adfb7&vjs=3
딥러닝 부트 캠프 5기 교육생 (~12/8까지)의 전체 세부 정보,알파코,서울,https://kr.indeed.com/rc/clk?jk=874fba61bbd50489&fccid=7e9cbb8b25374ba3&vjs=3
스마트팩토리/MES/인프라[경력]의 전체 세부 정보,현대자동차그룹,서울 강남구,https://kr.indeed.com/rc/clk?jk=3b1fd1e7d2a42224&fccid=980d6ecc399a3373&vjs=3
빅데이터, 데이터분석 외 신입/경력 인턴의 전체 세부 정보,레드테이블,서울 중구,https://kr.indeed.com/rc/clk?jk=4ccea14b4d592c8b&fccid=ace798f3c93e0fc7&vjs=3
AI SW개발(백엔드)부문 인재의 전체 세부 정보,신세계아이앤씨,서울 중구,https://kr.indeed.com/rc/clk?jk=073c89906a7ca43f&fccid=7009e9adee12ff99&vjs=3
데이터 사이언티스트부문 인재의 전체 세부 정보,신세계아이앤씨,서울 중구,https://kr.indeed.com/rc/clk?jk=86d14e1ca035e7fb&fccid=7009e9adee12ff99&vjs=3
빅데이터, Python 외 신입/경력 정규직의 전체 세부 정보,국제도시물정보과학연구원,인천 연수구,https://kr.indeed.com/rc/clk?jk=abd6851cae93aec5&fccid=eb72b76e34326786&vjs=3
2022년 상반기 주식회사 쏘마 전 개발 직군 (백엔드, 프론트엔드 외 신입/경력 정규직)의 전체 세부 정보,쏘마,성남 분당구,https://kr.indeed.com/rc/clk?jk=13ef6f86810c0843&fccid=a3463f311ce6421e&vjs=3
[롯데정보통신] 칠성IS팀 Data Engineer의 전체 세부 정보,롯데정보통신,서울,https://kr.indeed.com/rc/clk?jk=0891af675c134739&fccid=ae6a0ecfe23adfb7&vjs=3
C·C++, Python 외 신입/경력 정규직, 인턴의 전체 세부 정보,골드엔에프티,성남 분당구,https://kr.indeed.com/rc/clk?jk=380c5cdb34eda0fe&fccid=8e714aa9ea8ab527&vjs=3
VFX - COMPOSITE의 전체 세부 정보,포스크리에이티브파티,서울 강남구,https://kr.indeed.com/rc/clk?jk=6b04b5bbf5d7d298&fccid=f41f50b1a87544ea&vjs=3
빅데이터, Python 외 경력 정규직의 전체 세부 정보,피에스알미디어,서울 강남구,https://kr.indeed.com/rc/clk?jk=5591375cce4af5cd&fccid=787dd1719236b765&vjs=3
[데이터/마케팅/IT개발] 일반직(경력) 상시의 전체 세부 정보,한국평가데이터,서울 영등포구,https://kr.indeed.com/rc/clk?jk=15c7509b65eaa6e6&fccid=7936dc2e7d11e91f&vjs=3
개발자(PHP/Python/My SQL 등)의 전체 세부 정보,펫이지,서울 종로구,https://kr.indeed.com/rc/clk?jk=a9076a5370b2f808&fccid=156bb0350f6796cc&vjs=3
가상자산 트레이딩 / 시스템 개발자의 전체 세부 정보,블록투리얼,서울 강남구,https://kr.indeed.com/rc/clk?jk=c04680232735292a&fccid=a0245242cd542697&vjs=3
C# S/W or Python 개발자 경력 우대(사원주임대리과장급)의 전체 세부 정보,제스엔지니어링,서울 금천구,https://kr.indeed.com/rc/clk?jk=d088e37a19d9f6f7&fccid=0f2f8141103a3f4e&vjs=3
(Seoul) AI Researcher · AutoML의 전체 세부 정보,루닛,서울 강남구,https://kr.indeed.com/rc/clk?jk=dafea88352c65385&fccid=6d18d2033ad0f4df&vjs=3
Growth/Business Analyst의 전체 세부 정보,티맵모빌리티,서울 중구,https://kr.indeed.com/rc/clk?jk=347ec8aeeac895e5&fccid=8304e37f079fa8d6&vjs=3
2022년도 하반기 직원의 전체 세부 정보,더케이교직원나라,서울 종로구,https://kr.indeed.com/rc/clk?jk=bf4a1c92b9fdee22&fccid=cc9be4d8b34613d1&vjs=3
외국계 글로벌 - 물류 컨설팅 전문가의 전체 세부 정보,레퍼첵앤커리어,서울 영등포구,https://kr.indeed.com/rc/clk?jk=af44b5adefdd16f3&fccid=e597d45e0720074f&vjs=3
레드팀(모의해킹) 스페셜리스트 경력의 전체 세부 정보,현대오토에버,서울 강남구,https://kr.indeed.com/rc/clk?jk=af5d00530817cf22&fccid=d5a22a3e93377742&vjs=3
Software Quality Engineer의 전체 세부 정보,Electronic Arts,서울,https://kr.indeed.com/rc/clk?jk=7901324e1e127764&fccid=617d7f961cfcf54a&vjs=3
2022년 상반기 백엔드 개발자의 전체 세부 정보,반달소프트,성남 분당구,https://kr.indeed.com/rc/clk?jk=1601f1bfe3302af5&fccid=f35f7fc5e918087a&vjs=3
Senior Python Engineer: Long-term job - 100% remote,Proxify AB,Anywhere in the World,https://weworkremotely.com/remote-jobs/proxify-ab-senior-python-engineer-long-term-job-100-remote
Python Developer for Ambitious Startup (Remote),Soundsnap/ Beatopia,Europe Only,https://weworkremotely.com/remote-jobs/soundsnap-beatopia-python-developer-for-ambitious-startup-remote
Senior Open Source Developer & DevOps (Python  Django  React  AWS/OpenStack),OpenCraft,Anywhere in the World,https://weworkremotely.com/remote-jobs/opencraft-senior-open-source-developer-devops-python-django-react-aws-openstack
Sr Python Developer,Solar Monkey,Europe Only,https://weworkremotely.com/remote-jobs/solar-monkey-sr-python-developer
(Senior) Python Full Stack Software Developer,Optimile,Europe Only,https://weworkremotely.com/remote-jobs/optimile-senior-python-full-stack-software-developer
Python & JavaScript Full Stack Developer at Jack's Flight Club,Jack's Flight Club,Europe Only,https://weworkremotely.com/remote-jobs/jack-s-flight-club-python-javascript-full-stack-developer-at-jack-s-flight-club
Senior Full-stack Engineer with Python,NannyML,Anywhere in the World,https://weworkremotely.com/remote-jobs/nannyml-senior-full-stack-engineer-with-python
Senior Python Developer - Full Remote ,Ebury,Latin America Only/Europe Only,https://weworkremotely.com/remote-jobs/ebury-senior-python-developer-full-remote-1
Python Developer - Remote,UpStack Technologies  Inc.,Americas Only/Europe Only,https://weworkremotely.com/remote-jobs/upstack-technologies-inc-python-developer-remote
Senior Backend Engineer (Python),TestGorilla,Anywhere in the World,https://weworkremotely.com/remote-jobs/testgorilla-senior-backend-engineer-python-9
Senior Software Engineer  Python,AssemblyAI (YC 17),Anywhere in the World,https://weworkremotely.com/remote-jobs/assemblyai-yc-17-senior-software-engineer-python
Python Platform Engineer,Doximity,Americas Only,https://weworkremotely.com/remote-jobs/doximity-python-platform-engineer
Software Engineer - Backend/Python (100% Remote),Close,Anywhere in the World,https://weworkremotely.com/remote-jobs/close-software-engineer-backend-python-100-remote-1
Python Developer,Ampcontrol,USA Only/North America Only/Latin America Only/Americas Only/Europe Only/UK Only/Canada Only,https://weworkremotely.com/remote-jobs/ampcontrol-python-developer
Senior Back End Developer (Python) - Remote,EventMobi,Anywhere in the World,https://weworkremotely.com/remote-jobs/eventmobi-senior-back-end-developer-python-remote-1
Software Development Engineer in Test – Python – Cyprus  Greece or Remote ,XM,Anywhere in the World,https://weworkremotely.com/remote-jobs/xm-software-development-engineer-in-test-python-cyprus-greece-or-remote-3
Senior QA Software Test Automation Engineer – Python – Cyprus  Greece  Remote ,XM,Anywhere in the World,https://weworkremotely.com/remote-jobs/xm-senior-qa-software-test-automation-engineer-python-cyprus-greece-remote-3
